0.005000 2.031360 
0.015000 2.044944 
0.025000 2.043899 
0.035000 2.024393 
0.045000 1.989950 
0.055000 1.949307 
0.065000 1.916440 
0.075000 1.904284 
0.085000 1.922448 
0.095000 1.971175 
0.105000 2.041963 
0.115000 2.116366 
0.125000 2.171743 
0.135000 2.184229 
0.145000 2.136140 
0.155000 2.018064 
0.165000 1.832737 
0.175000 1.592551 
0.185000 1.318470 
0.195000 1.034200 
0.205000 0.763256 
0.215000 0.523961 
0.225000 0.328369 
0.235000 0.180785 
0.245000 0.079318 
0.255000 0.017299 
0.265000 -0.014457 
0.275000 -0.025440 
0.285000 -0.024501 
0.295000 -0.018047 
0.305000 -0.010976 
0.315000 -0.005186 
0.325000 -0.001929 
0.335000 -0.000174 
0.345000 0.000270 
0.355000 0.000900 
0.365000 0.001314 
0.375000 0.002077 
0.385000 0.001980 
0.395000 0.001320 
0.405000 -0.000523 
0.415000 -0.002342 
0.425000 -0.003663 
0.435000 -0.003144 
0.445000 -0.000882 
0.455000 0.002672 
0.465000 0.005774 
0.475000 0.006731 
0.485000 0.004383 
0.495000 -0.001014 
0.505000 -0.007460 
0.515000 -0.012081 
0.525000 -0.011922 
0.535000 -0.005866 
0.545000 0.004887 
0.555000 0.016414 
0.565000 0.023571 
0.575000 0.021917 
0.585000 0.009785 
0.595000 -0.010084 
0.605000 -0.031328 
0.615000 -0.045047 
0.625000 -0.043975 
0.635000 -0.024402 
0.645000 0.010245 
0.655000 0.050984 
0.665000 0.083847 
0.675000 0.095732 
0.685000 0.077263 
0.695000 0.028229 
0.705000 -0.042475 
0.715000 -0.116549 
0.725000 -0.171227 
0.735000 -0.183271 
0.745000 -0.135028 
0.755000 -0.017644 
0.765000 0.166707 
0.775000 0.405730 
0.785000 0.679541 
0.795000 0.964446 
0.805000 1.237235 
0.815000 1.478485 
0.825000 1.675370 
0.835000 1.822368 
0.845000 1.921369 
0.855000 1.979738 
0.865000 2.008396 
0.875000 2.018692 
0.885000 2.020407 
0.895000 2.019658 
0.905000 2.018949 
0.915000 2.017449 
0.925000 2.013335 
0.935000 2.005082 
0.945000 1.993730 
0.955000 1.982265 
0.965000 1.975671 
0.975000 1.977724 
0.985000 1.990224 
0.995000 2.010119 
