0 -0.005746
1 -0.004023
2 -0.002369
3 -0.000779
4 0.000779
5 0.002369
6 0.004023
7 0.005746
8 0.007538
9 0.009404
10 0.011345
11 0.013364
12 0.015466
13 0.017652
14 0.019926
15 0.022291
16 0.024751
17 0.027310
18 0.029970
19 0.032736
20 0.035612
21 0.038601
22 0.041708
23 0.044937
24 0.048292
25 0.051778
26 0.055399
27 0.059160
28 0.063066
29 0.067122
30 0.071333
31 0.075703
32 0.080239
33 0.084946
34 0.089829
35 0.094894
36 0.100146
37 0.105591
38 0.111236
39 0.117086
40 0.123147
41 0.129425
42 0.135927
43 0.142658
44 0.149625
45 0.156834
46 0.164292
47 0.172004
48 0.179976
49 0.188216
50 0.196729
51 0.205521
52 0.214598
53 0.223965
54 0.233630
55 0.243596
56 0.253870
57 0.264456
58 0.275360
59 0.286586
60 0.298138
61 0.310020
62 0.322236
63 0.334789
64 0.347682
65 0.360918
66 0.374497
67 0.388422
68 0.402693
69 0.417310
70 0.432274
71 0.447582
72 0.463234
73 0.479227
74 0.495558
75 0.512223
76 0.529218
77 0.546537
78 0.564175
79 0.582124
80 0.600376
81 0.618924
82 0.637758
83 0.656868
84 0.676242
85 0.695871
86 0.715740
87 0.735838
88 0.756150
89 0.776662
90 0.797359
91 0.818224
92 0.839243
93 0.860398
94 0.881671
95 0.903046
96 0.924504
97 0.946028
98 0.967598
99 0.989196
100 1.010804
101 1.032402
102 1.053972
103 1.075496
104 1.096954
105 1.118329
106 1.139602
107 1.160757
108 1.181776
109 1.202641
110 1.223338
111 1.243850
112 1.264162
113 1.284260
114 1.304129
115 1.323758
116 1.343132
117 1.362242
118 1.381076
119 1.399624
120 1.417876
121 1.435825
122 1.453463
123 1.470782
124 1.487777
125 1.504442
126 1.520773
127 1.536766
128 1.552418
129 1.567726
130 1.582690
131 1.597307
132 1.611578
133 1.625503
134 1.639082
135 1.652318
136 1.665211
137 1.677764
138 1.689980
139 1.701862
140 1.713414
141 1.724640
142 1.735544
143 1.746130
144 1.756404
145 1.766370
146 1.776035
147 1.785402
148 1.794479
149 1.803271
150 1.811784
151 1.820024
152 1.827996
153 1.835708
154 1.843166
155 1.850375
156 1.857342
157 1.864073
158 1.870575
159 1.876853
160 1.882914
161 1.888764
162 1.894409
163 1.899854
164 1.905106
165 1.910171
166 1.915054
167 1.919761
168 1.924297
169 1.928667
170 1.932878
171 1.936934
172 1.940840
173 1.944601
174 1.948222
175 1.951708
176 1.955063
177 1.958292
178 1.961399
179 1.964388
180 1.967264
181 1.970030
182 1.972690
183 1.975249
184 1.977709
185 1.980074
186 1.982348
187 1.984534
188 1.986636
189 1.988655
190 1.990596
191 1.992462
192 1.994254
193 1.995977
194 1.997631
195 1.999221
196 2.000779
197 2.002369
198 2.004023
199 2.005746
