0.005000 0.000000 
0.015000 0.000000 
0.025000 0.000000 
0.035000 0.000000 
0.045000 0.000000 
0.055000 0.000000 
0.065000 0.000000 
0.075000 0.000000 
0.085000 0.000000 
0.095000 0.000000 
0.105000 0.000000 
0.115000 0.000000 
0.125000 0.000000 
0.135000 0.000000 
0.145000 0.000000 
0.155000 0.000001 
0.165000 0.000003 
0.175000 0.000007 
0.185000 0.000020 
0.195000 0.000055 
0.205000 0.000150 
0.215000 0.000407 
0.225000 0.001106 
0.235000 0.003002 
0.245000 0.008140 
0.255000 0.021974 
0.265000 0.058624 
0.275000 0.151716 
0.285000 0.364851 
0.295000 0.755081 
0.305000 1.244919 
0.315000 1.635149 
0.325000 1.848284 
0.335000 1.941376 
0.345000 1.978026 
0.355000 1.991860 
0.365000 1.996998 
0.375000 1.998894 
0.385000 1.999593 
0.395000 1.999850 
0.405000 1.999945 
0.415000 1.999980 
0.425000 1.999993 
0.435000 1.999997 
0.445000 1.999999 
0.455000 2.000000 
0.465000 2.000000 
0.475000 2.000000 
0.485000 2.000000 
0.495000 2.000000 
0.505000 2.000000 
0.515000 2.000000 
0.525000 2.000000 
0.535000 2.000000 
0.545000 2.000000 
0.555000 1.999999 
0.565000 1.999997 
0.575000 1.999993 
0.585000 1.999980 
0.595000 1.999945 
0.605000 1.999850 
0.615000 1.999593 
0.625000 1.998894 
0.635000 1.996998 
0.645000 1.991860 
0.655000 1.978026 
0.665000 1.941376 
0.675000 1.848284 
0.685000 1.635149 
0.695000 1.244919 
0.705000 0.755081 
0.715000 0.364851 
0.725000 0.151716 
0.735000 0.058624 
0.745000 0.021974 
0.755000 0.008140 
0.765000 0.003002 
0.775000 0.001106 
0.785000 0.000407 
0.795000 0.000150 
0.805000 0.000055 
0.815000 0.000020 
0.825000 0.000007 
0.835000 0.000003 
0.845000 0.000001 
0.855000 0.000000 
0.865000 0.000000 
0.875000 0.000000 
0.885000 0.000000 
0.895000 0.000000 
0.905000 0.000000 
0.915000 0.000000 
0.925000 0.000000 
0.935000 0.000000 
0.945000 0.000000 
0.955000 0.000000 
0.965000 0.000000 
0.975000 0.000000 
0.985000 0.000000 
0.995000 0.000000 
